- Blood Lab

- Experiment date = 2021-11-23 16:40:51
- Experiment duration = 10.00 s
- Number of samples in measure = 0
- Sampling period = 10314.03 us
- Sampling frequency = 96 Hz
- Samples count = 970

- adc12bit
1303
1304
1302
1300
1300
1303
1301
1300
1302
1302
1303
1301
1302
1302
1303
1301
1303
1302
1300
1300
1304
1299
1303
1299
1299
1302
1300
1302
1300
1302
1302
1300
1302
1302
1300
1299
1299
1300
1299
1299
1300
1300
1302
1301
1302
1301
1304
1300
1300
1300
1303
1301
1301
1303
1304
1301
1301
1303
1303
1302
1302
1302
1302
1300
1302
1302
1303
1302
1302
1301
1301
1300
1300
1302
1300
1302
1301
1301
1301
1303
1300
1301
1301
1303
1301
1300
1303
1304
1303
1304
1303
1304
1300
1305
1301
1304
1304
1303
1302
1299
1301
1300
1303
1299
1302
1300
1300
1300
1301
1299
1300
1301
1302
1301
1302
1302
1300
1300
1301
1300
1299
1300
1301
1300
1302
1300
1300
1299
1301
1300
1302
1302
1301
1302
1306
1299
1301
1301
1300
1300
1303
1303
1300
1301
1303
1299
1300
1300
1302
1304
1302
1301
1300
1301
1300
1301
1299
1303
1300
1301
1300
1300
1302
1300
1301
1301
1300
1299
1299
1300
1300
1300
1301
1301
1302
1302
1302
1301
1300
1302
1300
1300
1302
1301
1302
1301
1301
1300
1301
1299
1303
1303
1300
1302
1302
1300
1302
1300
1299
1302
1300
1300
1300
1302
1299
1302
1302
1300
1300
1299
1300
1300
1300
1300
1299
1300
1299
1301
1302
1301
1300
1299
1301
1300
1300
1300
1301
1300
1302
1301
1301
1300
1302
1300
1300
1300
1301
1300
1302
1300
1299
1300
1301
1300
1299
1300
1300
1299
1299
1298
1299
1302
1301
1301
1300
1302
1299
1300
1300
1300
1302
1300
1299
1301
1301
1299
1300
1299
1299
1299
1300
1300
1299
1299
1302
1300
1300
1299
1300
1301
1299
1300
1299
1300
1299
1300
1299
1300
1301
1300
1300
1299
1300
1300
1302
1299
1299
1301
1300
1300
1300
1300
1300
1300
1300
1299
1299
1300
1301
1301
1301
1300
1300
1302
1299
1299
1300
1302
1299
1300
1300
1302
1300
1300
1299
1299
1300
1299
1297
1299
1299
1299
1300
1302
1299
1300
1299
1299
1299
1299
1300
1302
1299
1300
1300
1300
1302
1300
1301
1300
1301
1299
1299
1301
1300
1300
1299
1299
1299
1300
1300
1299
1300
1300
1300
1299
1299
1299
1299
1298
1300
1300
1300
1298
1301
1300
1298
1299
1300
1300
1301
1299
1297
1298
1299
1300
1299
1298
1300
1301
1300
1300
1300
1300
1299
1299
1300
1300
1300
1298
1299
1299
1299
1299
1300
1299
1299
1300
1299
1301
1300
1301
1299
1299
1298
1299
1298
1300
1299
1299
1299
1301
1299
1300
1298
1299
1299
1301
1298
1298
1302
1302
1300
1300
1301
1297
1300
1299
1300
1300
1299
1300
1299
1299
1299
1299
1300
1299
1300
1299
1299
1298
1299
1300
1302
1300
1304
1300
1300
1301
1300
1299
1299
1302
1300
1299
1300
1303
1302
1299
1298
1299
1301
1301
1299
1300
1299
1299
1299
1302
1300
1300
1300
1297
1299
1300
1299
1300
1300
1299
1299
1300
1299
1299
1299
1299
1298
1300
1299
1298
1299
1298
1299
1297
1299
1299
1299
1298
1299
1298
1298
1299
1299
1302
1299
1300
1298
1297
1297
1299
1300
1299
1299
1297
1298
1299
1298
1299
1298
1299
1299
1299
1297
1298
1297
1297
1299
1297
1298
1298
1299
1300
1299
1299
1300
1300
1299
1299
1299
1298
1299
1298
1299
1298
1299
1299
1299
1299
1297
1298
1299
1297
1299
1300
1299
1298
1298
1297
1298
1297
1298
1300
1298
1298
1299
1299
1300
1297
1298
1298
1299
1298
1299
1298
1300
1298
1299
1299
1297
1298
1296
1298
1298
1296
1299
1299
1299
1299
1299
1299
1300
1299
1297
1298
1298
1300
1297
1299
1298
1297
1299
1297
1299
1297
1297
1298
1298
1298
1299
1296
1299
1298
1299
1296
1299
1299
1300
1301
1297
1298
1298
1299
1298
1299
1297
1299
1297
1298
1297
1298
1298
1299
1299
1299
1299
1299
1297
1298
1299
1299
1299
1297
1298
1299
1297
1299
1297
1298
1299
1299
1300
1298
1298
1299
1298
1299
1298
1296
1298
1299
1298
1298
1299
1298
1297
1299
1298
1298
1297
1299
1298
1299
1297
1299
1297
1298
1297
1299
1297
1298
1299
1297
1297
1299
1297
1296
1297
1298
1297
1299
1296
1298
1297
1297
1297
1298
1298
1297
1297
1297
1297
1297
1298
1300
1299
1296
1299
1297
1297
1298
1297
1298
1297
1298
1299
1297
1297
1295
1299
1297
1298
1298
1299
1297
1298
1298
1297
1297
1295
1298
1296
1296
1298
1297
1296
1297
1297
1298
1296
1298
1298
1299
1297
1299
1297
1299
1299
1300
1297
1297
1297
1296
1296
1297
1297
1299
1297
1296
1297
1299
1297
1296
1297
1297
1296
1297
1295
1298
1299
1300
1298
1297
1299
1296
1296
1297
1299
1296
1297
1298
1297
1296
1297
1296
1297
1297
1299
1297
1295
1297
1297
1297
1298
1297
1297
1296
1296
1299
1297
1296
1297
1297
1297
1296
1297
1298
1297
1297
1297
1296
1299
1297
1294
1295
1297
1299
1298
1297
1299
1297
1296
1295
1297
1296
1295
1297
1297
1296
1299
1296
1297
1297
1297
1296
1295
1298
1299
1299
1298
1299
1296
1297
1299
1296
1298
1298
1295
1297
1296
1298
1298
1297
1297
1297
1297
1297
1296
1297
1295
1296
1296
1296
1297
1296
1299
1298
1296
1296
1299
1298
1296
1297
1296
1295
1296
1295
1295
1296
1298
1296
1296
1297
1296
1295
1297
1297
1297
1298
1295
1296
1298
1296
1297
1297
1297
1296
1297
1298
1296
1296
1296
1298
1298
1297
1296
1296
1296
1297
1297
1296
1296
1295
1296
1296
1299
1296
1297
1298
1296
1295
1296
1296
1295
1295
1297
1297
1295
1296
1297
1296
1295
1295
1296
1297
1296
1297
1296
1297
1297
1297
1295
1297
1298
1297
1295
1298
1297
1297
1295
1297
1297
1296
1297
1296
1297
1296
1297
1296
1295
1295
