- Blood Lab

- Experiment date = 2021-11-23 16:41:26
- Experiment duration = 10.01 s
- Number of samples in measure = 0
- Sampling period = 10275.03 us
- Sampling frequency = 97 Hz
- Samples count = 974

- adc12bit
1686
1688
1688
1690
1688
1685
1688
1688
1686
1687
1685
1685
1688
1687
1688
1687
1688
1687
1688
1689
1688
1687
1686
1686
1686
1688
1688
1688
1688
1689
1689
1687
1688
1689
1688
1688
1686
1688
1687
1687
1686
1687
1687
1685
1687
1686
1688
1689
1686
1686
1688
1687
1688
1686
1686
1684
1685
1688
1684
1686
1686
1687
1688
1688
1687
1687
1686
1686
1688
1687
1687
1687
1688
1685
1688
1688
1687
1688
1684
1687
1684
1687
1688
1687
1688
1687
1688
1688
1684
1685
1686
1687
1687
1686
1686
1688
1684
1686
1687
1688
1688
1688
1684
1687
1687
1685
1684
1685
1687
1688
1687
1688
1684
1686
1685
1685
1687
1686
1685
1686
1687
1684
1684
1685
1686
1685
1686
1685
1685
1688
1686
1687
1685
1686
1684
1688
1684
1685
1688
1686
1686
1685
1686
1686
1686
1686
1684
1684
1687
1685
1687
1687
1685
1683
1686
1686
1686
1687
1687
1687
1687
1685
1687
1687
1687
1686
1686
1686
1688
1688
1687
1685
1685
1688
1688
1687
1687
1686
1684
1686
1684
1686
1685
1685
1687
1687
1685
1687
1684
1685
1684
1686
1684
1686
1685
1683
1685
1687
1684
1687
1687
1687
1684
1684
1686
1689
1684
1685
1688
1687
1685
1685
1686
1686
1684
1686
1685
1686
1684
1686
1684
1684
1684
1686
1686
1686
1684
1685
1684
1685
1684
1684
1686
1684
1685
1687
1687
1685
1686
1686
1686
1685
1686
1685
1686
1686
1687
1686
1684
1684
1683
1687
1684
1685
1688
1687
1686
1684
1684
1684
1684
1684
1686
1685
1686
1685
1687
1684
1684
1686
1684
1684
1686
1685
1684
1685
1684
1683
1684
1686
1685
1684
1685
1686
1684
1685
1686
1687
1685
1687
1687
1686
1685
1683
1684
1688
1684
1683
1685
1685
1684
1686
1688
1685
1685
1683
1685
1686
1683
1686
1687
1686
1686
1686
1686
1684
1685
1685
1683
1684
1684
1683
1686
1683
1684
1684
1683
1683
1684
1686
1686
1684
1685
1684
1683
1684
1684
1687
1685
1684
1683
1685
1686
1684
1687
1683
1684
1683
1685
1684
1685
1684
1684
1685
1685
1683
1686
1686
1683
1686
1686
1684
1684
1684
1684
1683
1686
1683
1684
1685
1685
1685
1683
1688
1686
1683
1683
1684
1684
1686
1684
1685
1684
1687
1684
1684
1683
1685
1685
1684
1685
1684
1683
1684
1684
1686
1684
1683
1683
1683
1684
1688
1686
1686
1684
1683
1683
1685
1683
1686
1685
1686
1687
1684
1684
1684
1684
1683
1684
1686
1684
1685
1685
1684
1686
1685
1684
1686
1683
1686
1686
1683
1685
1685
1683
1683
1684
1683
1684
1686
1684
1686
1684
1681
1684
1682
1685
1685
1685
1686
1686
1684
1683
1685
1685
1686
1684
1684
1685
1686
1683
1684
1686
1683
1688
1682
1685
1686
1685
1684
1683
1684
1684
1684
1685
1683
1683
1684
1683
1683
1685
1684
1688
1686
1685
1683
1687
1683
1684
1683
1684
1683
1684
1683
1683
1684
1684
1685
1684
1684
1683
1685
1684
1683
1683
1683
1684
1684
1682
1683
1683
1683
1684
1682
1683
1682
1684
1681
1683
1682
1684
1683
1681
1682
1682
1682
1683
1684
1684
1681
1682
1683
1683
1684
1682
1683
1682
1681
1682
1683
1683
1683
1683
1680
1683
1681
1681
1684
1686
1682
1685
1684
1684
1683
1683
1684
1681
1683
1683
1682
1682
1683
1683
1683
1683
1683
1683
1683
1683
1686
1682
1682
1684
1683
1684
1681
1684
1681
1684
1683
1684
1682
1683
1683
1683
1683
1684
1682
1683
1681
1682
1681
1683
1683
1683
1682
1681
1682
1683
1683
1680
1682
1684
1683
1683
1683
1683
1683
1684
1682
1683
1683
1683
1682
1685
1683
1683
1683
1683
1683
1682
1683
1683
1683
1683
1682
1684
1683
1683
1683
1681
1683
1683
1683
1683
1682
1683
1682
1680
1682
1684
1683
1682
1680
1680
1681
1683
1683
1682
1682
1681
1682
1684
1685
1685
1683
1683
1684
1683
1683
1681
1683
1683
1683
1687
1683
1681
1681
1683
1682
1684
1685
1682
1681
1682
1684
1683
1681
1681
1683
1683
1683
1683
1681
1683
1683
1686
1683
1683
1680
1681
1682
1684
1681
1682
1684
1683
1683
1684
1683
1686
1685
1686
1685
1683
1684
1685
1685
1686
1685
1684
1686
1684
1683
1687
1686
1682
1685
1683
1684
1684
1683
1683
1685
1683
1684
1687
1684
1683
1684
1682
1683
1684
1685
1682
1684
1684
1684
1686
1684
1683
1684
1684
1683
1684
1683
1684
1684
1683
1683
1683
1685
1684
1684
1685
1684
1682
1683
1687
1683
1683
1683
1684
1684
1685
1683
1684
1685
1683
1685
1683
1684
1683
1684
1684
1685
1684
1684
1683
1684
1684
1683
1686
1684
1684
1682
1683
1683
1683
1685
1683
1683
1683
1683
1683
1684
1683
1683
1683
1686
1683
1683
1683
1684
1684
1683
1684
1683
1683
1685
1683
1683
1683
1686
1685
1682
1685
1683
1683
1683
1683
1683
1683
1683
1685
1683
1681
1685
1683
1683
1687
1683
1682
1684
1682
1686
1685
1683
1684
1684
1683
1685
1684
1686
1685
1683
1683
1684
1683
1683
1683
1684
1684
1686
1683
1683
1684
1683
1682
1684
1683
1683
1685
1686
1683
1682
1683
1684
1684
1683
1683
1683
1683
1682
1683
1683
1684
1683
1683
1682
1684
1684
1683
1681
1683
1684
1683
1683
1683
1683
1684
1683
1685
1684
1683
1683
1682
1683
1684
1683
1684
1683
1683
1684
1683
1683
1684
1683
1683
1684
1683
1683
1682
1684
1682
1683
1683
1684
1682
1683
1683
1684
1684
1682
1682
1683
1683
1685
1685
1683
1683
1681
1684
1684
1681
1684
1685
1683
1682
1682
1683
1683
1683
1683
1682
1681
1682
1683
1681
1683
1684
1683
1684
1683
1682
1682
1683
1682
1682
1683
1683
1684
1683
1683
1683
1683
1683
1683
1683
1684
1682
1684
1683
1683
