- Blood Lab

- Experiment date = 2021-11-23 16:54:36
- Experiment duration = 60.00 s
- Number of samples in measure = 0
- Sampling period = 10298.87 us
- Sampling frequency = 97 Hz
- Samples count = 5826

- adc12bit
1392
1392
1390
1391
1389
1383
1388
1388
1387
1385
1385
1388
1384
1384
1384
1382
1383
1381
1381
1383
1387
1391
1395
1397
1400
1402
1405
1403
1402
1400
1397
1395
1393
1390
1387
1384
1382
1379
1378
1374
1374
1374
1374
1373
1372
1370
1372
1370
1368
1368
1367
1366
1367
1364
1364
1363
1363
1363
1364
1363
1361
1359
1359
1359
1360
1357
1356
1357
1360
1363
1371
1371
1376
1379
1382
1382
1380
1380
1376
1375
1374
1370
1368
1365
1363
1362
1359
1357
1353
1352
1353
1351
1350
1350
1350
1349
1348
1348
1347
1347
1345
1344
1347
1343
1343
1342
1342
1340
1342
1340
1339
1338
1338
1337
1337
1336
1336
1337
1341
1346
1349
1353
1358
1359
1362
1361
1358
1358
1356
1352
1353
1351
1346
1340
1341
1342
1335
1336
1332
1332
1332
1331
1328
1328
1328
1328
1327
1326
1327
1325
1325
1323
1323
1323
1322
1321
1320
1319
1320
1319
1319
1319
1318
1317
1315
1317
1319
1321
1324
1330
1333
1337
1339
1341
1340
1340
1338
1336
1335
1331
1331
1328
1326
1321
1322
1316
1317
1316
1314
1314
1312
1311
1312
1310
1310
1311
1309
1308
1308
1307
1305
1305
1305
1304
1303
1303
1302
1301
1300
1302
1300
1299
1299
1299
1300
1304
1308
1313
1317
1320
1324
1323
1324
1324
1322
1320
1318
1315
1314
1312
1310
1308
1305
1303
1302
1297
1297
1296
1297
1294
1296
1293
1292
1292
1291
1290
1291
1290
1291
1289
1289
1287
1286
1286
1286
1283
1283
1282
1283
1281
1284
1283
1287
1289
1295
1299
1304
1307
1307
1308
1309
1307
1305
1305
1303
1302
1302
1299
1296
1294
1294
1288
1285
1283
1282
1279
1278
1278
1276
1275
1278
1274
1273
1272
1272
1272
1271
1271
1269
1269
1272
1265
1267
1267
1265
1267
1264
1264
1267
1269
1273
1280
1283
1287
1290
1291
1291
1292
1292
1289
1289
1289
1289
1286
1285
1283
1281
1276
1275
1271
1268
1266
1263
1264
1263
1260
1259
1258
1257
1258
1255
1255
1254
1253
1253
1252
1251
1251
1249
1248
1248
1247
1246
1246
1247
1246
1249
1253
1259
1264
1268
1272
1274
1273
1273
1274
1274
1273
1272
1272
1272
1269
1267
1264
1261
1259
1256
1251
1249
1248
1244
1244
1243
1241
1241
1240
1240
1238
1237
1242
1236
1234
1235
1235
1234
1231
1232
1231
1231
1228
1231
1230
1229
1228
1230
1235
1238
1245
1250
1257
1256
1256
1258
1260
1258
1258
1259
1258
1255
1255
1253
1252
1249
1243
1242
1239
1235
1233
1233
1233
1228
1230
1225
1228
1223
1224
1224
1222
1222
1223
1220
1217
1222
1216
1219
1218
1219
1216
1216
1218
1215
1214
1213
1214
1214
1214
1218
1225
1231
1235
1240
1241
1242
1240
1242
1242
1243
1239
1240
1239
1239
1234
1233
1231
1228
1223
1223
1217
1217
1216
1214
1212
1214
1209
1211
1209
1210
1208
1207
1208
1206
1208
1205
1204
1203
1204
1203
1202
1201
1202
1200
1200
1199
1202
1199
1199
1200
1208
1212
1215
1220
1224
1225
1226
1227
1227
1226
1227
1225
1224
1221
1220
1219
1219
1211
1211
1210
1206
1203
1201
1200
1199
1199
1197
1196
1196
1196
1195
1193
1193
1191
1191
1191
1188
1190
1188
1188
1188
1189
1187
1185
1183
1187
1185
1184
1184
1186
1193
1198
1203
1208
1211
1217
1212
1217
1214
1212
1212
1211
1208
1208
1207
1203
1201
1198
1195
1195
1190
1200
1185
1185
1183
1182
1182
1182
1182
1179
1179
1177
1176
1176
1174
1175
1174
1175
1174
1173
1172
1169
1173
1170
1168
1168
1169
1168
1171
1174
1180
1186
1190
1193
1196
1197
1197
1198
1196
1196
1195
1195
1194
1191
1192
1188
1187
1184
1181
1177
1174
1172
1171
1169
1167
1167
1166
1164
1164
1162
1162
1161
1160
1160
1158
1159
1158
1156
1155
1155
1155
1153
1153
1153
1152
1152
1152
1152
1151
1157
1159
1166
1171
1174
1178
1180
1180
1181
1181
1180
1179
1180
1178
1176
1174
1173
1168
1167
1164
1163
1159
1157
1155
1152
1151
1149
1148
1147
1148
1146
1145
1142
1144
1142
1142
1141
1141
1140
1141
1139
1139
1139
1136
1136
1136
1136
1135
1135
1135
1135
1138
1143
1148
1155
1159
1161
1164
1165
1165
1165
1164
1163
1161
1161
1159
1157
1157
1155
1150
1150
1147
1145
1142
1139
1137
1136
1135
1134
1133
1132
1132
1129
1129
1129
1127
1127
1126
1126
1125
1124
1124
1123
1121
1122
1121
1120
1120
1120
1119
1118
1119
1118
1119
1122
1127
1134
1139
1144
1144
1147
1148
1148
1148
1146
1145
1144
1144
1141
1141
1139
1136
1132
1130
1127
1125
1123
1121
1120
1119
1117
1116
1115
1114
1113
1114
1113
1113
1112
1111
1111
1111
1108
1108
1108
1107
1108
1107
1106
1106
1105
1105
1104
1104
1103
1105
1107
1112
1116
1124
1127
1129
1136
1133
1131
1132
1132
1131
1128
1127
1127
1124
1121
1119
1116
1116
1111
1109
1107
1105
1105
1105
1103
1102
1101
1101
1100
1099
1099
1097
1098
1097
1097
1096
1096
1095
1095
1095
1093
1092
1093
1092
1092
1091
1091
1091
1094
1100
1105
1110
1113
1118
1119
1121
1120
1120
1120
1118
1117
1116
1113
1110
1109
1107
1104
1101
1100
1096
1094
1095
1092
1091
1091
1091
1088
1087
1088
1086
1086
1085
1086
1085
1083
1082
1083
1081
1082
1080
1080
1080
1080
1077
1078
1078
1079
1083
1090
1093
1099
1103
1104
1108
1107
1107
1108
1106
1105
1105
1103
1101
1100
1096
1095
1093
1091
1088
1086
1083
1082
1080
1079
1077
1078
1076
1076
1075
1074
1074
1072
1072
1072
1072
1068
1068
1068
1068
1067
1066
1064
1065
1066
1066
1066
1071
1076
1083
1089
1091
1092
1095
1095
1096
1096
1095
1094
1094
1092
1091
1088
1089
1085
1081
1081
1078
1076
1075
1073
1072
1070
1069
1068
1067
1067
1065
1064
1065
1063
1062
1062
1061
1060
1062
1059
1057
1056
1056
1054
1053
1053
1052
1052
1059
1063
1070
1075
1078
1081
1084
1083
1086
1085
1084
1083
1083
1082
1080
1080
1079
1076
1074
1071
1069
1068
1063
1063
1062
1060
1059
1058
1058
1057
1056
1056
1054
1054
1052
1054
1052
1051
1049
1048
1048
1046
1045
1044
1043
1044
1042
1041
1043
1048
1055
1060
1066
1070
1072
1072
1074
1075
1074
1074
1074
1072
1071
1070
1069
1068
1066
1063
1061
1060
1055
1055
1055
1054
1052
1052
1050
1049
1050
1049
1048
1048
1047
1046
1045
1044
1042
1042
1042
1040
1039
1038
1037
1038
1037
1035
1035
1039
1046
1051
1058
1063
1064
1064
1066
1066
1067
1066
1064
1063
1063
1061
1061
1059
1058
1056
1053
1053
1051
1048
1049
1048
1048
1047
1047
1046
1046
1044
1045
1043
1042
1041
1041
1041
1040
1038
1038
1037
1036
1035
1034
1032
1031
1031
1034
1040
1045
1051
1056
1057
1061
1060
1060
1061
1061
1059
1060
1058
1058
1058
1053
1053
1052
1048
1046
1045
1042
1041
1039
1039
1038
1037
1037
1036
1033
1033
1033
1032
1032
1031
1031
1030
1028
1028
1025
1024
1024
1024
1023
1020
1021
1026
1031
1036
1043
1045
1047
1048
1051
1050
1048
1049
1050
1048
1048
1046
1046
1044
1042
1039
1038
1036
1034
1034
1031
1029
1029
1029
1028
1026
1025
1026
1024
1024
1024
1023
1021
1021
1020
1019
1018
1016
1015
1014
1014
1010
1010
1011
1013
1019
1024
1029
1033
1036
1038
1036
1037
1037
1039
1037
1036
1034
1034
1033
1032
1031
1027
1027
1024
1022
1021
1020
1018
1018
1016
1016
1016
1015
1016
1015
1013
1012
1013
1012
1012
1015
1017
1018
1020
1020
1020
1021
1019
1019
1018
1019
1019
1023
1029
1034
1042
1041
1041
1042
1041
1041
1040
1040
1039
1040
1036
1035
1034
1031
1030
1027
1024
1022
1020
1018
1016
1016
1015
1013
1013
1013
1011
1011
1009
1010
1009
1008
1007
1006
1005
1004
1004
1002
1001
1001
1000
998
998
995
994
992
992
998
1004
1007
1013
1017
1019
1020
1019
1020
1020
1020
1019
1019
1017
1017
1016
1014
1013
1012
1010
1007
1003
1004
1003
1001
1000
1000
1000
998
998
998
998
997
996
994
995
993
992
992
992
990
989
989
987
986
986
984
983
982
982
980
982
986
992
998
1004
1008
1009
1007
1010
1010
1011
1009
1008
1008
1006
1006
1004
1002
1001
999
998
997
993
992
992
990
989
989
988
988
988
987
988
985
985
984
984
982
983
982
981
980
978
977
976
976
974
973
972
972
971
977
981
986
992
997
999
1001
1001
1001
1001
1000
999
999
998
997
995
995
992
988
988
986
984
983
982
982
980
980
979
980
977
977
977
976
976
974
974
972
972
969
970
970
968
967
966
967
962
962
961
961
966
971
976
985
987
989
990
991
991
991
990
989
988
988
986
986
984
983
980
979
977
975
973
972
972
969
969
968
968
969
967
966
966
964
964
963
963
962
957
960
958
956
956
955
954
953
952
951
952
952
957
963
968
975
977
979
979
979
980
979
979
978
978
976
976
974
972
971
970
966
966
964
962
961
961
960
958
958
958
957
956
955
956
953
953
953
951
950
950
948
948
948
945
944
943
944
940
939
939
942
944
950
956
963
965
967
969
968
970
969
969
969
967
967
965
964
963
961
960
957
956
955
954
951
951
950
948
948
948
949
945
945
946
944
942
943
942
943
940
940
938
938
935
935
937
934
931
931
929
929
929
932
938
944
949
953
957
960
960
960
959
959
959
956
957
957
956
953
952
951
948
945
944
943
941
940
939
939
937
936
935
935
935
933
932
932
932
931
931
928
927
926
927
925
924
924
923
921
921
920
920
920
920
927
931
938
943
945
949
951
952
950
950
950
949
947
947
945
944
944
942
939
937
935
934
931
932
931
930
927
928
927
926
925
925
925
925
923
922
922
921
920
920
920
919
916
916
916
915
913
913
912
913
918
923
929
935
938
940
943
944
942
943
943
942
940
940
940
936
935
932
932
931
928
926
926
925
923
922
921
921
920
919
919
918
918
915
918
915
915
915
914
912
913
911
911
911
909
908
908
905
908
912
919
923
930
934
936
935
937
937
937
936
936
936
934
932
932
930
929
927
926
924
922
919
918
919
918
916
914
915
915
913
915
915
912
910
910
911
912
906
906
910
905
904
903
903
903
900
901
904
911
915
920
926
928
928
930
929
929
928
927
927
927
926
924
924
923
920
919
917
916
913
913
912
911
910
910
908
908
907
907
906
906
905
905
904
903
899
900
900
898
898
896
896
895
894
895
899
905
910
915
917
920
920
921
920
920
920
918
920
919
917
916
914
913
913
910
908
907
906
907
905
904
904
903
902
902
900
901
900
899
899
899
898
897
896
896
894
894
894
889
891
890
890
891
896
902
906
910
912
912
913
913
913
912
912
912
912
911
909
908
908
906
905
903
903
903
901
899
899
899
899
897
897
897
896
897
896
895
894
894
893
892
891
891
889
888
887
888
886
884
884
883
888
892
897
901
904
904
907
907
908
907
908
905
906
906
904
903
902
900
899
898
897
895
894
894
893
892
892
892
892
891
890
891
889
889
888
887
887
887
885
885
884
881
882
882
878
880
878
876
875
878
882
887
893
896
898
899
900
901
900
901
900
899
899
898
897
896
895
895
891
890
890
889
888
888
887
887
885
886
886
884
884
883
883
883
882
881
881
880
880
880
878
876
877
876
876
875
873
872
873
878
883
888
892
894
894
896
896
895
895
895
894
894
892
892
890
889
887
887
885
883
883
882
882
881
882
880
879
879
879
880
878
877
878
876
877
876
877
874
873
872
872
871
870
869
868
868
868
871
876
882
885
888
888
890
888
891
888
888
888
887
887
886
884
883
884
881
880
878
876
876
876
875
875
874
874
872
873
873
872
871
871
871
871
869
868
867
867
865
865
862
862
862
860
859
860
864
869
873
877
880
880
881
882
881
880
881
881
880
880
878
878
878
876
874
873
872
871
870
871
868
867
867
867
867
866
866
865
864
864
864
862
863
863
862
861
858
857
857
855
855
854
856
854
851
856
862
867
869
871
872
873
876
874
874
873
874
873
873
871
871
870
869
868
866
865
864
864
862
862
861
861
860
860
859
860
858
857
857
856
855
854
855
853
852
852
850
851
849
848
847
846
844
844
843
846
851
857
862
864
866
867
869
868
867
867
867
866
866
865
864
863
862
862
860
856
856
856
856
855
854
854
855
853
853
853
852
851
851
851
849
850
850
848
848
848
846
845
844
844
843
842
840
840
840
845
851
856
859
861
862
862
862
862
862
860
860
860
859
858
857
856
855
854
852
852
851
850
848
849
848
848
848
847
846
846
846
846
845
844
844
843
843
841
840
840
839
839
837
836
835
834
834
834
841
844
849
851
854
855
856
856
855
855
854
853
853
853
851
851
849
848
847
845
845
844
843
840
841
840
840
839
840
839
839
838
839
837
837
835
836
836
832
833
831
831
831
829
829
827
826
826
827
831
836
841
844
846
847
847
848
848
847
846
846
846
845
844
843
842
841
840
839
838
836
835
834
835
833
833
832
832
831
832
831
831
831
829
828
828
828
826
825
824
824
823
822
821
821
819
819
818
821
827
830
834
836
839
839
839
840
839
840
839
839
839
838
837
836
835
834
832
831
830
829
828
828
827
827
826
828
827
825
825
824
825
824
822
823
821
823
820
819
820
818
816
817
815
814
813
811
811
811
813
818
823
827
830
831
832
831
832
832
832
831
831
831
830
828
828
827
825
824
823
823
820
821
819
819
819
819
818
817
817
817
818
817
816
814
814
814
813
813
811
810
810
809
808
808
807
806
805
804
804
805
811
816
821
823
824
825
826
825
826
825
823
824
823
823
821
821
819
819
817
815
815
814
813
812
812
811
812
812
811
809
811
811
809
809
810
808
807
807
807
806
804
804
804
803
802
801
800
799
799
802
807
812
816
819
819
820
822
820
821
820
820
819
817
817
816
816
814
812
811
810
808
809
807
806
806
807
806
805
805
804
804
803
803
803
803
803
801
800
799
799
798
798
796
796
794
793
792
792
792
797
802
808
810
812
812
812
814
813
812
812
812
812
809
810
808
807
806
805
804
802
801
801
799
800
800
798
798
797
798
798
797
797
795
795
795
794
793
793
792
791
789
790
789
787
787
787
784
784
787
792
796
800
802
804
805
806
805
805
806
804
804
804
804
802
802
800
799
799
797
796
795
794
794
793
791
792
792
792
792
791
790
790
790
791
789
789
788
786
787
784
783
783
782
783
780
779
779
777
776
779
784
789
793
796
796
798
798
799
798
799
798
798
797
798
795
795
794
792
791
790
790
788
788
786
786
786
785
786
785
787
785
783
783
783
783
783
782
781
781
780
778
778
777
776
775
776
774
773
772
772
776
780
787
790
792
793
794
794
794
794
793
792
792
791
790
790
788
787
786
786
784
783
783
782
780
782
781
781
782
780
782
780
780
780
780
779
778
780
778
775
777
775
776
774
773
772
772
769
770
770
774
778
783
787
790
789
791
790
791
791
791
790
790
788
788
787
787
786
785
784
782
782
780
780
780
779
779
779
779
778
778
779
778
777
777
777
776
775
775
775
773
773
773
772
771
771
770
769
768
770
775
780
783
785
788
788
789
790
791
790
789
790
788
788
788
787
788
785
783
783
782
779
780
780
780
780
779
779
779
779
779
779
779
778
778
778
777
777
777
776
775
775
773
773
772
771
770
771
772
778
783
787
790
791
790
791
793
792
792
792
792
791
791
791
791
789
787
787
787
786
784
784
784
782
783
783
783
781
781
782
780
780
780
780
779
778
778
777
776
776
775
775
773
773
772
773
775
780
783
785
788
788
789
790
791
790
790
790
791
789
789
790
789
788
785
784
785
785
781
780
780
779
779
778
779
778
779
778
777
777
775
775
775
774
772
771
771
771
769
768
767
766
766
769
774
777
778
780
781
782
782
782
782
782
781
782
782
781
781
781
781
778
777
777
775
774
773
771
773
771
773
771
771
768
769
769
768
768
768
767
767
766
766
764
763
763
762
762
760
759
759
759
762
767
769
772
772
773
774
773
774
775
774
775
774
773
773
772
772
771
769
768
768
766
765
765
764
764
764
764
763
762
761
761
761
761
760
759
758
757
756
756
755
755
753
753
752
751
750
750
748
748
747
747
748
753
758
759
761
761
764
763
763
763
763
763
762
762
761
761
760
757
758
757
756
755
755
754
753
755
752
753
752
752
752
751
751
750
750
748
748
748
747
747
746
746
745
744
743
744
742
741
740
740
739
739
738
741
745
749
752
754
754
754
755
755
754
754
753
755
753
752
752
751
751
750
748
747
748
747
746
746
745
745
745
745
744
744
743
743
743
742
742
741
740
740
739
739
738
738
737
735
735
735
734
732
733
731
731
732
736
739
743
744
746
747
747
748
748
749
747
744
746
745
745
744
743
742
742
741
740
738
739
738
738
737
738
737
738
736
736
737
735
735
735
734
734
733
732
732
732
731
731
730
729
728
727
727
726
726
725
724
723
726
730
735
737
739
740
741
740
740
740
739
740
739
738
738
737
735
735
735
734
733
732
731
731
731
731
731
731
731
731
731
730
730
729
729
728
728
727
727
726
726
724
723
724
723
722
721
722
720
719
719
718
720
724
730
732
733
735
734
734
735
733
732
733
732
732
731
729
730
729
728
727
725
724
724
725
723
723
723
723
723
723
722
721
721
720
720
719
719
719
718
718
717
716
716
715
714
714
713
712
711
710
709
711
714
719
723
724
724
726
726
726
726
725
725
724
724
723
723
721
720
720
719
718
718
717
718
716
715
716
715
716
715
715
715
715
715
713
712
712
711
711
711
710
710
709
709
707
706
706
706
705
702
703
703
707
712
715
717
718
719
719
719
719
719
718
717
717
717
716
716
716
715
715
713
711
711
709
710
709
709
709
710
709
709
708
707
707
707
707
706
705
706
704
704
703
704
702
700
699
700
700
698
698
697
696
698
702
706
710
712
712
713
713
714
715
712
713
711
711
711
710
710
708
708
707
706
706
704
704
704
704
704
704
703
702
704
703
702
701
701
701
700
701
699
700
700
697
695
696
696
695
695
694
693
693
691
692
697
703
705
707
708
709
709
708
708
707
708
707
706
706
705
704
703
703
701
701
700
700
699
698
698
697
698
697
698
698
697
697
696
696
696
694
695
694
695
693
692
692
691
690
690
688
688
688
685
688
693
697
700
702
702
703
703
703
703
702
702
701
701
700
698
698
697
696
695
694
693
694
692
692
691
692
692
691
691
690
690
690
689
689
688
688
688
687
686
687
685
685
683
683
682
681
681
681
680
683
688
692
694
695
696
696
697
696
696
696
695
694
695
693
693
692
691
690
689
688
688
687
687
686
686
686
685
686
686
685
685
685
684
683
683
682
680
681
681
680
680
679
677
677
676
676
675
675
674
677
682
686
688
689
689
691
690
691
691
691
689
689
688
688
688
687
686
685
683
684
683
682
682
682
681
681
681
680
680
680
679
679
679
677
678
678
678
677
677
676
675
675
673
672
672
672
671
670
669
669
672
677
681
683
684
685
685
686
685
686
684
684
683
683
682
682
681
680
679
678
678
677
677
676
676
676
676
675
675
676
675
674
675
674
673
673
673
673
673
671
671
671
670
670
668
668
668
667
666
665
669
674
677
680
680
681
682
682
682
681
681
680
679
679
678
676
679
677
674
674
673
672
673
672
672
672
672
672
672
672
671
672
671
670
671
670
669
670
668
668
667
667
666
667
666
664
663
662
663
667
672
674
676
676
677
678
677
676
676
675
676
674
673
672
672
671
671
670
669
668
668
668
668
668
667
667
666
668
665
666
665
664
664
664
664
663
663
663
661
661
660
659
660
658
658
657
656
658
663
667
669
669
671
671
671
671
670
671
670
669
668
668
668
667
667
665
665
664
664
663
663
662
662
662
662
663
663
662
659
660
660
660
659
659
659
658
658
657
656
656
655
654
654
654
653
652
653
657
662
663
664
665
667
667
666
666
665
665
664
664
664
663
663
662
661
662
661
660
659
659
659
658
659
660
657
656
657
657
656
656
656
655
655
655
654
654
653
652
653
651
651
651
650
649
648
648
647
649
653
656
659
660
660
661
661
661
661
659
660
660
659
659
659
657
657
657
655
655
655
654
654
654
652
653
653
653
652
653
652
652
652
651
650
651
651
650
649
649
649
648
647
647
646
646
645
644
644
644
644
644
646
651
654
655
656
656
656
657
656
655
656
654
654
653
652
652
652
651
651
650
649
649
649
648
649
649
648
649
648
647
647
648
647
647
646
645
645
646
645
645
644
643
643
643
642
641
642
642
640
639
639
640
643
647
651
652
653
652
650
652
651
652
651
649
650
649
648
647
648
646
644
644
643
643
643
643
643
643
643
643
643
643
642
642
642
642
641
640
640
639
639
638
638
637
637
636
636
635
636
634
634
632
634
636
640
643
645
645
646
646
645
645
646
644
644
643
643
641
642
641
640
640
641
639
638
638
638
638
637
637
637
637
638
636
636
636
636
635
635
634
634
634
634
632
632
631
631
631
630
629
629
628
628
627
628
633
636
637
639
639
640
640
641
640
639
639
637
638
637
636
637
636
636
636
635
633
632
632
632
632
632
632
632
632
632
631
631
631
630
629
630
629
630
628
629
627
627
627
626
627
625
624
624
624
624
623
623
624
628
631
632
635
634
635
635
634
634
634
633
633
632
632
632
631
630
630
629
628
627
628
627
627
627
627
627
627
626
626
626
626
625
625
624
624
624
623
623
623
622
622
622
620
620
619
619
617
617
618
617
616
617
621
624
628
629
630
629
629
631
630
629
628
627
627
627
626
626
626
625
625
623
623
622
622
622
622
623
623
623
622
623
621
622
622
621
620
621
620
620
620
619
619
618
618
617
617
616
615
616
615
615
615
614
615
619
624
625
626
626
627
627
627
626
625
624
624
624
622
622
623
622
621
620
620
619
619
620
619
619
619
619
619
619
618
619
618
618
618
617
617
618
616
616
616
615
615
614
614
613
612
612
611
611
610
611
614
619
621
623
623
623
623
623
623
622
620
620
619
619
619
618
617
617
616
615
615
615
615
614
614
614
614
614
613
614
613
613
612
612
612
612
611
611
610
610
609
608
608
607
606
607
607
605
605
604
605
609
613
615
618
617
617
617
617
616
616
615
614
614
615
613
612
612
611
611
611
610
610
610
609
609
608
608
609
608
608
608
608
608
607
607
606
606
606
605
605
604
604
603
601
602
601
601
600
600
599
599
602
606
608
610
611
611
611
611
611
611
609
609
609
608
608
608
607
607
606
606
605
604
604
604
603
603
603
603
604
603
603
603
602
602
601
601
600
600
601
600
600
600
599
599
597
597
597
596
596
596
595
594
595
599
603
604
605
606
606
607
606
606
605
604
605
604
604
603
602
601
600
601
600
599
600
599
599
599
599
598
599
598
598
599
598
597
598
596
596
595
597
595
595
594
593
594
592
592
592
591
591
591
591
590
589
589
593
596
599
601
601
601
602
601
600
601
600
600
599
598
598
597
597
596
596
595
594
595
594
594
594
594
594
594
594
593
593
593
593
593
593
592
592
592
591
591
591
591
590
590
588
590
588
588
588
587
587
587
590
595
597
599
599
599
599
599
598
598
597
596
595
595
595
596
594
593
593
592
592
591
592
591
591
592
591
592
593
592
592
591
591
591
591
591
591
591
590
590
589
589
587
588
587
587
586
585
585
585
585
588
592
595
596
596
597
597
596
595
595
595
594
593
592
592
591
591
591
590
589
589
589
588
587
588
588
588
587
587
587
588
587
587
587
586
586
586
585
585
584
584
583
583
582
583
582
581
580
580
580
582
585
588
590
591
591
591
591
591
590
590
589
588
588
588
587
587
587
585
585
584
584
583
583
583
583
583
583
584
583
583
583
583
583
583
583
585
584
584
583
583
583
583
583
582
582
581
581
580
580
582
586
589
589
590
590
590
590
589
589
588
588
588
587
586
586
585
585
584
584
583
583
583
582
581
582
582
582
582
582
582
581
580
580
580
580
580
581
580
579
579
578
577
578
578
577
576
576
575
575
575
578
582
584
584
585
585
585
585
585
584
584
583
583
582
582
581
581
580
579
579
579
578
579
578
578
578
578
579
578
578
576
577
577
577
577
576
576
576
575
575
575
575
575
574
573
573
573
572
572
572
573
572
576
579
580
581
582
582
581
581
579
580
579
579
578
579
578
577
577
576
576
576
575
576
576
575
575
575
575
575
575
575
574
575
574
574
573
573
573
573
573
572
572
572
572
571
571
570
570
569
569
569
569
572
575
576
578
579
579
579
579
578
577
576
576
575
576
575
574
574
574
573
572
572
571
571
571
571
571
571
571
571
570
571
570
570
570
569
569
568
568
568
568
567
567
566
566
566
565
565
564
564
563
564
567
571
572
573
574
573
573
573
573
572
571
570
571
570
568
569
569
569
568
567
567
566
566
566
566
565
565
566
566
564
566
564
564
564
563
564
563
563
563
562
561
560
561
560
560
561
559
559
559
558
558
558
562
565
567
568
568
567
567
567
565
566
565
565
564
565
564
563
563
563
562
561
561
561
560
561
560
560
560
560
560
560
559
559
559
558
559
558
558
558
558
557
557
557
556
555
555
555
555
554
554
554
552
552
552
553
559
559
561
563
562
562
562
561
561
561
560
560
559
559
559
558
559
559
557
555
556
556
556
556
556
556
556
555
555
555
555
555
554
554
553
553
554
553
552
553
552
552
552
552
551
551
550
550
550
550
550
550
549
548
549
553
556
558
558
559
559
560
559
559
559
557
556
556
556
555
556
555
555
555
554
553
554
553
553
554
553
553
553
553
553
553
553
553
552
552
552
552
552
551
551
551
551
551
550
550
550
548
549
549
548
548
548
547
549
553
556
557
558
558
559
558
557
557
556
556
555
555
554
554
554
553
552
552
552
551
551
551
551
552
551
551
550
551
552
552
550
550
549
549
549
550
548
549
549
547
547
547
546
545
546
545
545
544
544
543
543
544
548
551
552
553
553
553
554
553
552
551
551
551
550
550
550
549
548
548
547
547
546
546
545
547
545
545
545
546
545
545
545
545
544
544
543
544
543
543
543
543
542
542
541
541
540
540
540
539
539
538
539
538
540
545
547
547
548
548
549
548
548
547
547
547
545
545
545
544
544
544
543
543
542
541
542
540
540
541
541
540
541
541
542
540
540
540
540
539
540
539
537
538
539
538
537
536
537
536
536
535
534
534
534
534
535
533
537
540
542
543
543
544
544
544
543
543
544
542
541
541
541
540
539
540
539
538
537
538
537
537
537
537
537
537
536
537
536
536
536
536
536
536
536
536
536
535
535
534
534
533
534
533
532
532
532
532
531
531
531
531
532
537
539
541
541
541
541
542
541
540
540
540
539
539
538
538
538
537
536
535
535
535
535
535
535
536
536
535
535
535
535
535
534
534
534
534
533
533
534
533
532
532
532
531
531
531
531
530
529
529
529
529
530
533
537
538
540
541
541
539
540
540
540
539
538
538
537
536
537
536
536
535
534
534
534
534
534
533
534
534
534
534
534
534
533
534
534
533
532
532
532
532
532
530
530
530
530
529
528
528
528
528
527
527
529
533
534
536
537
537
537
536
536
536
535
534
535
533
532
532
532
531
531
531
530
530
529
529
528
529
528
529
528
528
528
528
528
528
528
527
527
527
526
526
526
525
524
524
524
523
523
523
522
522
522
525
528
530
531
532
532
532
532
531
531
532
530
528
528
528
527
527
527
526
526
526
524
525
525
524
524
524
524
524
524
524
523
524
524
523
523
522
522
522
522
521
521
521
519
520
519
519
519
518
518
519
519
522
525
526
527
527
527
528
527
527
527
524
524
525
524
523
524
522
522
521
521
521
520
521
520
521
521
520
520
520
520
520
520
519
519
519
519
518
519
518
518
517
517
516
516
516
516
515
515
515
514
514
517
520
522
524
524
524
525
524
523
523
523
522
521
520
520
520
519
519
518
518
517
517
516
517
517
517
518
517
517
517
517
517
516
517
516
516
515
515
516
515
515
515
515
514
513
513
513
513
513
512
512
513
515
519
521
522
521
522
522
521
521
520
520
519
519
