- Blood Lab

- Experiment date = 2021-11-23 16:48:48
- Experiment duration = 60.01 s
- Number of samples in measure = 0
- Sampling period = 10305.14 us
- Sampling frequency = 97 Hz
- Samples count = 5823

- adc12bit
1432
1431
1434
1432
1430
1429
1430
1428
1431
1429
1429
1430
1425
1429
1432
1429
1431
1431
1429
1430
1430
1430
1427
1427
1427
1429
1425
1428
1424
1426
1423
1426
1426
1423
1423
1423
1422
1423
1421
1420
1420
1421
1421
1421
1419
1420
1419
1419
1419
1416
1419
1417
1416
1416
1416
1415
1415
1415
1415
1413
1413
1413
1412
1412
1413
1412
1411
1409
1408
1408
1409
1409
1409
1408
1408
1407
1408
1407
1408
1407
1408
1405
1404
1406
1405
1405
1404
1400
1402
1404
1403
1404
1406
1407
1408
1405
1404
1405
1404
1402
1401
1403
1401
1400
1399
1399
1400
1399
1397
1399
1398
1397
1398
1396
1397
1396
1393
1396
1394
1395
1397
1395
1395
1393
1394
1394
1392
1391
1392
1393
1391
1390
1391
1390
1390
1389
1390
1390
1388
1388
1388
1388
1388
1384
1387
1386
1390
1383
1384
1384
1384
1384
1385
1382
1382
1383
1380
1380
1381
1381
1381
1382
1379
1380
1379
1380
1379
1380
1377
1377
1378
1382
1379
1380
1379
1379
1378
1378
1379
1377
1378
1380
1375
1375
1376
1374
1374
1375
1374
1373
1374
1376
1374
1375
1373
1374
1372
1370
1371
1369
1368
1376
1367
1368
1366
1366
1369
1366
1365
1365
1366
1365
1365
1364
1364
1363
1362
1363
1363
1363
1362
1360
1360
1361
1359
1360
1359
1359
1359
1359
1359
1358
1357
1357
1356
1359
1358
1355
1355
1356
1355
1354
1354
1354
1353
1355
1353
1354
1352
1355
1353
1354
1353
1355
1356
1354
1355
1354
1353
1354
1351
1351
1350
1350
1350
1351
1351
1348
1350
1348
1348
1347
1347
1347
1348
1346
1344
1344
1346
1347
1344
1346
1343
1343
1344
1343
1344
1344
1343
1343
1342
1342
1341
1342
1341
1339
1341
1340
1339
1339
1337
1338
1339
1337
1336
1336
1337
1336
1334
1336
1336
1333
1333
1335
1333
1334
1332
1332
1331
1331
1332
1332
1331
1330
1330
1331
1332
1331
1332
1334
1332
1334
1333
1333
1331
1331
1328
1328
1328
1327
1331
1328
1325
1326
1325
1327
1326
1324
1324
1324
1328
1324
1324
1324
1324
1322
1323
1321
1320
1323
1323
1323
1322
1319
1319
1320
1321
1318
1319
1318
1320
1316
1318
1317
1317
1317
1315
1315
1316
1314
1312
1314
1313
1314
1314
1312
1313
1312
1311
1312
1311
1312
1311
1311
1309
1308
1309
1308
1309
1309
1311
1312
1310
1312
1312
1312
1311
1311
1310
1309
1308
1309
1306
1306
1305
1305
1306
1304
1305
1305
1303
1304
1305
1304
1303
1303
1303
1302
1302
1301
1302
1301
1301
1299
1300
1300
1301
1300
1297
1299
1299
1298
1298
1296
1297
1297
1298
1297
1297
1295
1295
1294
1295
1295
1295
1293
1293
1295
1296
1294
1292
1292
1291
1290
1290
1290
1289
1290
1291
1289
1291
1292
1292
1294
1292
1293
1292
1291
1292
1290
1288
1291
1287
1287
1288
1287
1287
1286
1286
1287
1284
1284
1286
1283
1284
1283
1283
1284
1282
1284
1283
1283
1282
1281
1280
1281
1279
1279
1280
1278
1279
1278
1279
1278
1279
1278
1278
1276
1276
1276
1276
1275
1276
1275
1274
1274
1274
1274
1274
1272
1272
1272
1273
1272
1271
1271
1272
1271
1274
1272
1273
1274
1274
1274
1272
1275
1273
1273
1271
1271
1271
1269
1270
1264
1266
1267
1269
1267
1267
1265
1267
1267
1265
1265
1264
1265
1265
1264
1264
1265
1263
1263
1262
1263
1263
1260
1260
1260
1265
1260
1259
1259
1259
1260
1258
1257
1257
1258
1256
1259
1257
1256
1255
1255
1256
1256
1255
1256
1254
1254
1252
1254
1252
1254
1252
1254
1253
1255
1257
1256
1257
1258
1255
1255
1255
1254
1256
1253
1255
1253
1251
1251
1250
1250
1250
1250
1249
1248
1248
1250
1247
1248
1246
1248
1246
1248
1247
1247
1247
1246
1246
1247
1244
1243
1244
1244
1241
1241
1241
1242
1241
1241
1242
1243
1238
1239
1239
1240
1237
1239
1241
1238
1238
1237
1238
1240
1238
1235
1239
1235
1236
1234
1235
1236
1235
1234
1234
1237
1235
1236
1238
1238
1238
1239
1237
1237
1235
1238
1238
1236
1233
1233
1234
1233
1232
1232
1231
1231
1230
1234
1230
1228
1229
1228
1228
1226
1227
1227
1228
1226
1226
1226
1226
1225
1225
1225
1227
1226
1225
1223
1224
1223
1222
1222
1223
1220
1220
1220
1217
1218
1219
1220
1218
1217
1219
1217
1216
1216
1217
1219
1216
1216
1217
1217
1215
1214
1214
1216
1212
1214
1214
1216
1214
1212
1212
1212
1212
1212
1213
1212
1212
1210
1212
1214
1215
1214
1215
1215
1216
1216
1216
1216
1217
1216
1216
1213
1212
1211
1208
1211
1209
1209
1207
1212
1208
1209
1206
1205
1207
1206
1205
1203
1206
1207
1204
1204
1203
1202
1203
1202
1201
1204
1201
1200
1200
1201
1201
1199
1200
1200
1199
1199
1197
1198
1195
1198
1197
1197
1194
1194
1194
1196
1193
1194
1194
1195
1194
1194
1192
1194
1191
1191
1193
1191
1192
1191
1191
1192
1191
1188
1191
1191
1189
1189
1188
1189
1188
1191
1188
1189
1190
1190
1191
1191
1191
1192
1192
1195
1193
1193
1192
1191
1190
1189
1187
1188
1187
1186
1186
1186
1187
1185
1185
1183
1184
1184
1183
1183
1182
1183
1181
1180
1180
1182
1182
1180
1180
1180
1178
1178
1178
1178
1180
1180
1171
1170
1169
1168
1164
1171
1172
1169
1167
1164
1166
1168
1167
1166
1165
1165
1166
1166
1164
1164
1163
1163
1165
1164
1164
1164
1163
1164
1164
1165
1163
1164
1163
1164
1162
1165
1162
1162
1163
1161
1163
1163
1163
1164
1166
1167
1168
1170
1172
1175
1174
1175
1174
1175
1172
1174
1174
1173
1172
1171
1171
1171
1172
1171
1173
1175
1172
1170
1171
1171
1172
1171
1171
1170
1171
1170
1169
1169
1171
1168
1170
1169
1173
1168
1168
1167
1167
1168
1166
1168
1168
1165
1167
1165
1165
1165
1166
1164
1163
1164
1164
1165
1164
1164
1164
1162
1163
1162
1163
1163
1161
1162
1159
1160
1161
1159
1159
1159
1159
1160
1158
1159
1159
1160
1158
1155
1157
1157
1156
1157
1157
1158
1155
1156
1156
1156
1159
1159
1159
1160
1161
1160
1160
1160
1163
1161
1159
1159
1158
1159
1157
1155
1154
1154
1155
1154
1153
1153
1153
1151
1152
1152
1152
1151
1152
1151
1152
1151
1151
1151
1150
1149
1151
1150
1148
1150
1147
1148
1148
1146
1147
1147
1145
1144
1145
1144
1145
1144
1144
1145
1145
1144
1143
1143
1144
1142
1142
1142
1142
1139
1142
1140
1141
1139
1142
1140
1140
1141
1140
1139
1138
1139
1137
1137
1138
1138
1137
1137
1136
1136
1138
1136
1136
1139
1137
1140
1140
1143
1141
1141
1142
1140
1142
1140
1138
1139
1138
1136
1136
1136
1135
1133
1132
1133
1134
1134
1133
1131
1132
1132
1132
1129
1131
1132
1131
1132
1132
1130
1131
1129
1129
1129
1129
1128
1129
1127
1127
1127
1127
1127
1126
1125
1124
1125
1124
1124
1123
1123
1124
1124
1122
1123
1122
1123
1121
1123
1121
1121
1122
1120
1120
1121
1121
1121
1120
1120
1120
1119
1118
1120
1118
1120
1122
1121
1124
1124
1125
1126
1126
1122
1122
1123
1123
1121
1121
1120
1120
1118
1118
1119
1118
1116
1116
1116
1116
1116
1115
1116
1114
1116
1113
1114
1114
1113
1115
1114
1113
1113
1113
1111
1112
1111
1110
1111
1109
1110
1109
1108
1109
1106
1108
1108
1107
1108
1107
1108
1106
1106
1105
1105
1107
1106
1105
1107
1105
1105
1105
1104
1103
1102
1103
1104
1104
1105
1105
1106
1107
1107
1109
1110
1111
1110
1109
1109
1108
1108
1107
1106
1105
1105
1105
1103
1104
1103
1102
1103
1102
1102
1102
1102
1100
1100
1100
1102
1102
1099
1099
1099
1098
1098
1098
1098
1097
1097
1097
1097
1095
1095
1096
1095
1095
1093
1094
1094
1094
1095
1093
1092
1091
1092
1091
1091
1091
1091
1091
1089
1090
1091
1091
1090
1090
1089
1092
1090
1092
1093
1095
1097
1097
1097
1096
1097
1096
1095
1097
1096
1095
1094
1094
1093
1095
1094
1094
1094
1093
1091
1090
1092
1091
1091
1090
1090
1088
1088
1087
1087
1088
1087
1086
1087
1086
1086
1086
1086
1084
1083
1084
1084
1082
1080
1081
1080
1081
1081
1079
1080
1079
1079
1079
1079
1080
1077
1078
1077
1077
1077
1079
1076
1078
1077
1077
1079
1079
1081
1082
1084
1084
1086
1085
1086
1084
1085
1085
1084
1084
1084
1083
1084
1083
1087
1084
1082
1085
1082
1084
1081
1083
1081
1082
1081
1080
1081
1080
1080
1080
1079
1079
1077
1075
1076
1076
1074
1075
1081
1085
1085
1085
1087
1087
1085
1082
1083
1082
1080
1080
1081
1080
1080
1080
1081
1081
1080
1080
1079
1079
1078
1078
1077
1078
1077
1078
1077
1076
1076
1076
1076
1078
1076
1075
1073
1074
1073
1074
1075
1075
1073
1073
1072
1073
1073
1072
1072
1071
1071
1072
1072
1072
1074
1075
1080
1079
1080
1081
1081
1081
1081
1080
1081
1081
1082
1082
1081
1083
1081
1082
1081
1083
1083
1081
1080
1083
1080
1080
1080
1080
1077
1077
1077
1076
1077
1075
1075
1073
1074
1073
1073
1071
1075
1071
1068
1069
1070
1069
1070
1069
1069
1068
1069
1068
1067
1068
1066
1066
1065
1065
1065
1065
1063
1064
1062
1061
1061
1062
1062
1060
1062
1059
1060
1059
1059
1057
1057
1059
1056
1056
1057
1055
1056
1056
1056
1055
1056
1055
1057
1054
1055
1058
1060
1060
1061
1064
1064
1063
1063
1065
1065
1063
1065
1063
1064
1064
1066
1064
1064
1064
1064
1064
1063
1064
1064
1063
1062
1060
1059
1059
1060
1058
1057
1057
1056
1057
1057
1056
1054
1054
1053
1055
1053
1052
1050
1051
1049
1049
1048
1048
1048
1047
1046
1047
1045
1045
1045
1044
1045
1046
1044
1044
1044
1042
1043
1041
1041
1043
1041
1040
1040
1039
1040
1041
1040
1039
1038
1039
1038
1037
1038
1037
1036
1036
1038
1036
1035
1035
1034
1035
1034
1036
1036
1036
1039
1041
1041
1043
1043
1043
1046
1044
1043
1045
1046
1047
1045
1045
1046
1045
1046
1048
1047
1045
1046
1045
1044
1042
1042
1041
1041
1041
1039
1038
1039
1039
1038
1038
1037
1035
1035
1035
1035
1035
1034
1034
1032
1032
1031
1031
1032
1031
1027
1028
1028
1027
1027
1027
1027
1026
1026
1025
1025
1024
1025
1024
1023
1021
1023
1024
1023
1022
1023
1022
1021
1021
1021
1021
1020
1020
1019
1019
1017
1019
1018
1017
1018
1018
1018
1017
1016
1017
1016
1016
1016
1016
1016
1015
1017
1019
1023
1022
1024
1024
1026
1025
1025
1025
1025
1026
1025
1026
1025
1027
1026
1026
1025
1024
1025
1025
1024
1025
1024
1022
1022
1022
1020
1019
1020
1019
1017
1018
1017
1016
1017
1016
1016
1015
1014
1013
1012
1013
1011
1012
1012
1009
1010
1009
1008
1008
1007
1008
1006
1007
1007
1004
1006
1007
1006
1004
1004
1003
1004
1007
1003
1003
1004
1002
1002
1002
1002
1002
999
1000
1001
1000
1001
999
999
999
999
1001
999
999
997
999
997
998
997
997
997
996
996
996
997
995
997
996
999
1000
1001
1002
1004
1004
1004
1006
1006
1006
1005
1007
1007
1007
1006
1003
1005
1003
1004
1004
1003
1003
1002
1002
1001
999
1001
999
997
998
999
997
996
996
998
997
994
995
995
994
993
992
992
991
990
990
991
989
988
988
989
986
987
987
987
987
987
987
985
984
988
985
986
984
984
984
983
983
984
984
982
981
980
981
981
980
981
981
980
980
979
979
981
979
978
979
977
979
978
979
976
978
977
979
980
983
985
986
985
987
988
988
986
987
989
989
987
987
987
987
986
985
985
986
984
984
984
982
983
981
982
979
979
980
979
978
979
979
977
978
978
977
975
976
976
975
972
974
973
972
971
971
971
970
968
969
970
969
967
968
968
967
967
967
967
967
967
967
967
965
965
966
966
965
963
964
964
963
963
963
963
963
962
962
962
962
962
961
960
961
960
962
960
963
965
967
969
967
969
968
971
971
973
972
972
970
971
971
972
970
970
970
968
967
968
969
967
965
966
965
964
963
963
963
962
963
962
963
962
960
963
962
960
960
960
958
957
957
957
958
955
955
955
956
953
953
955
953
952
953
952
952
952
951
950
951
951
950
949
950
950
950
949
949
948
949
949
949
947
947
947
947
946
947
945
947
947
946
945
945
945
945
946
947
949
950
952
955
955
955
956
956
956
957
958
956
956
955
956
955
955
956
954
953
953
952
952
952
951
951
949
949
950
948
949
951
949
947
947
947
947
948
947
945
946
944
944
943
943
943
941
943
940
942
940
939
939
939
937
937
939
937
938
937
936
936
935
936
937
936
935
934
935
935
934
934
934
935
932
933
933
932
932
931
932
932
932
935
935
936
937
939
942
941
941
942
943
943
943
943
942
942
942
942
942
941
940
940
940
940
940
940
938
937
937
938
936
936
936
935
936
935
935
934
935
935
935
934
932
932
932
932
930
930
929
928
927
927
927
927
927
926
926
926
924
924
924
924
923
924
923
922
923
922
922
921
921
921
921
920
920
920
919
920
919
919
920
918
918
920
920
923
924
926
927
928
928
930
930
930
932
931
931
930
932
931
930
929
930
928
928
928
928
927
925
926
926
925
925
924
925
925
924
924
925
924
923
923
923
924
920
923
920
920
921
920
918
918
918
917
917
916
915
915
914
915
915
913
913
913
913
912
912
912
912
911
911
911
911
909
910
910
910
908
908
908
908
907
907
907
906
906
909
910
912
915
915
917
916
919
919
919
919
920
919
921
918
918
918
917
918
918
918
919
919
917
915
915
915
914
915
913
915
913
913
913
913
912
913
912
912
911
911
911
910
909
909
908
908
908
908
906
907
906
904
905
904
905
904
903
903
903
902
902
902
903
901
902
900
900
899
899
899
899
899
899
898
898
897
898
897
897
896
896
895
895
894
895
894
894
894
894
896
897
899
900
903
904
904
905
906
906
907
907
906
906
907
906
906
906
906
906
905
904
905
904
903
902
903
902
903
901
903
902
900
901
900
901
900
900
899
900
899
898
900
898
897
896
896
895
895
895
894
894
892
893
892
892
892
891
892
891
890
891
889
891
889
889
888
888
888
888
888
886
888
888
886
886
885
885
884
884
883
884
884
883
883
883
884
883
884
885
887
889
890
892
893
894
894
894
894
896
895
892
894
894
893
893
893
893
892
892
893
892
890
891
891
891
892
888
889
888
889
888
889
888
888
888
887
887
887
886
885
886
885
884
884
883
883
882
881
882
881
880
880
880
881
878
879
878
878
878
878
877
877
878
877
876
876
877
876
876
875
876
875
875
874
873
872
873
872
872
871
871
870
869
870
870
870
871
872
873
875
877
878
880
881
882
882
882
883
883
882
883
883
882
881
882
880
881
882
880
880
880
880
879
878
878
878
876
877
877
877
877
877
876
878
876
875
874
874
875
875
873
873
873
873
874
871
870
870
869
867
866
865
866
865
865
864
864
863
863
863
863
863
862
861
861
861
861
859
856
854
855
854
847
847
847
844
844
847
846
844
839
837
837
836
833
834
833
835
835
837
839
841
843
842
843
844
844
844
844
844
844
844
842
843
842
841
842
841
841
840
839
838
838
838
837
837
836
834
833
832
836
836
836
835
831
827
824
829
831
831
833
837
841
840
841
842
841
842
841
842
841
841
841
840
839
839
838
837
837
838
836
836
836
834
835
835
835
835
833
833
833
834
833
832
832
833
831
831
831
831
832
830
830
830
830
830
830
832
833
834
836
838
840
840
842
842
842
843
843
843
842
843
843
843
842
841
841
842
840
840
840
838
839
838
838
838
837
837
838
836
837
836
836
837
836
837
836
835
835
835
835
834
833
832
833
833
831
830
831
829
829
828
828
828
827
827
827
826
826
825
825
826
825
825
824
825
824
823
824
824
822
822
822
821
821
821
820
820
819
819
819
819
818
820
818
817
818
821
820
820
823
826
828
827
829
830
830
831
832
831
832
830
831
832
832
831
830
830
830
829
830
830
828
827
827
826
827
826
826
826
826
826
825
825
825
825
825
824
824
824
823
824
823
822
821
820
821
819
819
819
818
818
816
817
816
817
817
813
814
814
814
814
812
814
812
812
812
812
811
811
810
809
810
809
809
809
808
809
807
807
808
807
807
806
805
806
804
805
806
807
808
809
811
813
815
816
817
817
819
817
818
819
818
818
818
818
817
818
817
817
818
815
815
816
814
815
813
814
813
813
812
812
812
812
811
812
811
811
811
810
810
809
809
809
807
808
807
806
807
806
805
804
804
803
803
803
801
801
801
801
801
800
799
800
799
799
798
798
797
798
799
796
796
796
795
796
795
795
795
795
795
796
795
792
792
793
792
792
792
793
795
798
799
800
803
803
803
804
806
806
805
806
807
805
804
805
805
803
804
803
804
803
803
802
802
800
801
800
800
800
801
799
800
799
799
799
799
799
798
799
798
797
796
796
796
795
794
795
795
793
792
792
791
792
791
791
788
789
789
790
788
788
787
788
786
786
787
785
785
786
785
785
784
784
785
785
784
783
783
783
783
783
781
780
782
780
782
782
783
785
788
789
789
790
792
792
793
793
796
794
793
793
793
792
793
793
792
790
792
791
791
790
790
790
790
788
788
789
788
788
788
788
788
788
788
787
787
787
786
787
786
785
785
784
784
783
783
783
782
781
783
780
779
779
780
778
777
778
778
776
776
778
777
775
776
776
776
775
774
775
774
773
773
772
772
772
772
772
771
771
772
774
775
776
779
780
780
781
782
783
784
783
784
784
782
783
782
783
782
782
781
782
780
781
780
780
780
779
779
779
777
779
779
778
777
779
778
778
777
778
777
776
776
776
776
775
775
775
774
774
772
772
773
771
773
770
768
770
769
770
769
768
768
769
769
768
767
767
767
766
766
766
765
766
766
764
764
765
766
766
767
770
771
771
773
773
774
774
774
775
775
775
774
773
773
773
773
773
773
774
772
772
771
771
771
771
770
769
770
772
771
771
769
769
769
769
769
769
769
768
768
768
767
766
766
766
766
765
764
764
764
763
764
762
762
762
763
761
762
761
761
761
760
760
762
760
759
759
759
759
759
759
759
757
757
758
758
758
759
760
761
763
763
765
765
765
765
765
766
765
767
764
766
765
765
764
764
765
764
764
764
764
763
763
763
763
762
763
762
761
761
761
762
762
761
761
761
760
760
760
760
760
759
759
758
758
757
757
756
758
756
756
756
755
755
755
756
755
754
754
755
754
754
754
753
754
753
752
752
753
752
751
751
751
751
750
750
751
753
754
755
756
757
758
758
759
759
759
760
758
758
758
757
757
758
758
757
758
756
756
756
755
756
756
756
755
755
755
755
755
755
755
754
754
754
753
754
753
754
753
753
751
752
751
751
750
752
751
750
749
748
749
748
748
748
748
748
748
747
746
746
746
746
746
746
745
746
745
744
744
745
745
746
744
743
743
742
743
742
743
744
746
747
748
749
750
751
750
751
750
751
750
750
750
751
750
750
750
750
750
749
749
749
749
748
748
748
747
746
747
747
748
748
747
747
747
747
747
746
744
745
745
745
744
744
744
743
743
743
743
742
743
742
742
742
741
742
740
741
741
741
740
740
741
739
739
740
740
739
739
739
739
738
738
739
739
740
742
743
744
744
744
746
745
746
745
744
745
745
745
744
745
743
744
743
743
743
745
743
742
742
742
743
743
743
742
742
742
742
741
742
741
741
741
741
740
740
740
740
739
740
738
738
738
737
737
738
736
737
736
737
736
736
736
736
736
735
735
735
735
735
735
735
735
734
734
734
732
732
733
733
734
735
735
736
737
737
738
739
736
739
738
737
738
737
738
737
738
737
737
736
737
736
736
735
736
736
734
735
734
735
734
734
734
735
734
733
732
733
732
732
732
732
731
732
730
731
730
731
731
728
729
728
729
728
728
728
728
728
728
727
726
726
726
727
727
727
726
725
725
725
724
724
723
723
722
722
721
721
723
722
724
724
724
724
725
724
724
725
725
725
724
724
725
725
723
723
724
723
723
723
723
721
723
722
721
720
721
722
722
720
722
721
723
723
721
721
721
721
720
720
719
719
719
720
719
719
718
718
717
716
717
716
717
716
716
716
716
715
715
714
715
715
715
715
713
714
714
713
713
712
713
713
713
712
712
713
713
715
716
718
718
719
718
719
719
718
720
719
717
719
718
719
719
719
719
718
718
718
717
717
717
717
717
717
717
716
716
716
716
716
716
716
715
715
715
714
715
713
714
713
714
713
713
711
712
711
711
711
710
710
710
709
708
709
709
709
709
709
708
708
708
708
707
706
706
706
705
705
706
706
705
704
704
704
704
704
703
703
703
703
705
706
706
708
710
710
710
710
711
711
711
710
711
710
710
710
709
710
709
709
709
710
709
709
708
708
708
708
707
707
707
707
707
706
707
707
707
706
706
706
705
705
705
703
703
703
702
703
703
701
702
702
700
700
700
700
700
700
698
699
699
699
698
698
698
698
698
697
696
696
696
696
695
694
695
695
695
695
695
694
694
693
693
693
692
693
694
694
695
696
698
699
700
700
700
701
702
701
701
702
700
701
700
700
700
700
700
700
699
700
699
700
699
698
698
697
699
698
696
697
697
697
696
696
696
696
697
695
695
694
694
695
694
693
692
692
692
691
691
691
691
691
691
690
689
689
689
689
688
688
688
688
688
688
688
687
688
687
688
687
685
685
686
684
684
684
683
684
684
682
681
681
681
681
683
684
686
688
687
688
690
691
690
690
690
691
689
689
690
689
689
689
689
689
689
689
688
688
688
687
688
687
688
687
687
687
687
687
686
686
687
687
686
685
685
684
684
683
683
683
682
682
683
682
681
682
681
681
681
680
680
679
679
679
678
678
678
677
677
678
676
677
677
675
675
676
674
674
673
672
672
671
671
671
671
671
671
672
671
672
674
675
676
676
677
678
678
678
678
678
678
678
677
677
678
678
677
675
676
676
675
677
675
675
675
675
674
674
673
675
674
675
674
672
673
672
672
671
671
671
670
670
671
670
670
670
670
669
669
668
668
667
667
667
668
666
666
666
666
666
665
665
665
664
664
665
664
664
664
664
663
663
663
662
663
662
661
661
662
661
661
662
663
665
666
666
668
669
668
668
669
669
669
670
670
669
668
668
670
669
669
669
668
668
668
667
668
667
668
667
667
667
668
667
667
666
667
666
666
665
667
667
665
665
664
665
664
664
664
663
664
664
662
661
661
662
662
661
660
660
659
660
662
661
659
659
660
660
659
659
659
659
660
658
659
659
657
657
657
657
657
656
657
656
655
655
657
658
660
661
663
663
664
664
664
664
664
664
664
664
663
663
664
663
663
663
664
662
662
661
661
661
661
661
661
660
661
661
661
660
662
661
659
660
660
660
659
659
659
658
658
658
657
659
657
658
657
657
655
655
655
655
654
655
654
654
654
654
654
654
654
654
653
653
653
653
652
653
654
652
651
652
651
650
650
651
651
652
654
655
654
656
657
657
657
657
658
658
657
656
657
657
657
657
656
657
656
656
655
656
656
656
654
655
655
656
656
655
656
655
655
655
655
655
654
654
655
654
654
653
653
652
652
653
653
652
652
651
652
651
651
651
650
649
649
650
648
649
650
649
648
648
649
649
648
648
647
648
648
647
647
648
647
646
647
646
646
647
647
649
649
651
652
653
652
653
653
653
653
652
653
653
652
653
652
653
653
653
651
651
652
651
651
650
650
650
651
651
650
651
651
650
650
651
649
648
649
649
649
648
649
648
649
647
647
647
646
646
644
645
646
645
645
645
644
644
644
644
645
643
643
643
644
643
644
643
643
643
644
642
642
643
643
645
646
647
647
648
648
649
649
649
649
649
649
649
648
649
648
648
647
648
648
649
647
645
647
646
647
646
646
646
647
646
647
646
646
646
646
646
646
646
645
645
645
644
644
645
645
643
643
643
643
643
642
642
642
642
642
641
641
641
642
641
641
640
640
640
641
641
640
639
640
640
640
640
642
643
645
645
645
644
645
645
645
645
646
646
646
644
646
644
644
644
644
644
644
643
643
643
644
643
643
643
643
643
642
644
643
643
642
643
643
643
642
642
642
644
647
651
651
653
653
654
655
656
656
656
656
656
656
656
655
655
655
655
655
656
655
654
654
652
652
652
653
654
655
656
656
658
657
658
658
658
657
658
657
658
656
657
656
657
657
656
656
656
656
656
656
656
654
655
655
654
655
654
655
655
654
655
655
655
656
654
653
654
652
652
652
652
650
648
647
647
647
648
649
647
648
649
647
648
648
647
647
647
648
647
646
647
647
646
647
646
647
649
649
650
651
651
653
652
651
652
652
652
652
651
651
650
651
651
651
651
651
649
650
649
650
648
649
648
647
648
648
648
648
648
647
647
647
647
647
646
646
645
645
646
645
644
645
644
644
643
643
643
643
643
642
642
642
642
641
642
641
641
641
640
640
640
640
640
640
639
639
638
638
638
639
637
638
638
640
640
641
642
642
643
644
643
643
643
643
644
643
643
643
642
642
642
641
642
643
641
640
642
641
641
640
640
640
640
640
640
641
640
640
639
640
640
639
639
639
637
637
638
637
636
633
631
630
626
626
624
624
624
624
623
623
622
621
621
621
622
622
622
621
620
621
620
619
620
619
619
618
618
618
618
617
618
617
619
620
622
622
624
625
625
624
624
624
625
624
624
624
624
624
623
623
624
623
623
623
623
622
621
622
621
622
622
622
622
622
622
622
622
622
621
621
621
622
621
622
622
622
621
621
620
620
621
620
621
620
619
619
619
619
618
617
619
618
618
616
617
617
617
617
618
616
617
616
616
615
615
615
615
614
614
615
616
616
618
620
620
620
619
620
620
619
619
619
619
619
619
618
618
618
620
617
618
617
617
617
616
616
615
615
615
615
615
615
615
614
613
613
613
612
613
614
613
611
611
612
610
611
609
609
610
608
608
608
608
607
607
607
607
606
605
605
605
605
604
605
604
604
604
604
603
603
603
602
601
601
601
600
600
600
600
599
599
599
599
598
598
599
599
600
601
603
604
604
605
606
606
606
607
606
606
605
605
604
605
605
604
605
604
606
603
605
603
603
603
603
602
603
603
602
603
603
602
602
601
601
603
601
602
602
603
600
600
600
600
599
600
599
601
599
597
598
599
601
598
597
598
598
597
598
597
597
596
597
596
596
595
599
595
596
595
595
595
594
593
594
594
594
595
595
596
598
598
599
598
600
598
598
598
599
599
600
599
598
598
598
600
599
599
600
600
599
599
600
600
600
599
599
599
599
599
599
598
598
598
600
598
597
597
597
597
597
596
596
597
596
595
595
594
594
594
594
594
594
594
593
593
592
592
593
592
591
591
592
591
591
592
592
590
591
591
590
590
590
589
589
590
590
592
592
593
593
595
595
595
595
595
595
595
594
595
594
594
594
594
594
594
594
595
594
594
594
593
594
595
594
592
594
594
595
594
594
593
593
594
593
593
592
592
592
592
592
592
592
591
591
591
590
590
590
590
590
590
590
590
589
590
588
589
590
589
589
589
589
588
588
588
588
587
587
588
587
587
587
586
586
586
586
586
586
588
589
590
590
590
591
591
592
591
591
592
591
592
590
591
590
590
591
590
591
590
590
590
590
589
590
590
590
590
590
589
590
589
589
589
589
588
589
589
588
589
588
588
587
587
587
587
587
587
587
586
586
586
586
586
586
586
585
585
585
587
585
584
583
585
584
584
583
584
584
583
583
582
583
583
582
582
581
582
581
580
582
583
585
586
586
586
587
586
586
586
586
585
585
585
584
584
584
586
585
584
584
584
584
584
584
584
584
584
583
583
583
583
583
583
583
583
583
583
582
581
581
581
582
582
580
581
581
579
580
580
579
579
579
579
579
580
578
579
578
578
578
578
578
578
577
577
576
577
577
576
576
576
576
576
576
575
575
574
575
575
574
576
576
578
579
579
579
579
579
579
580
579
578
579
578
577
578
576
577
577
576
577
577
577
577
576
578
577
577
577
577
577
576
577
577
576
576
576
576
575
575
576
576
576
575
574
575
574
573
573
573
573
574
574
574
572
572
573
572
572
571
571
572
571
572
572
571
570
571
571
571
570
569
570
570
568
569
568
569
569
570
569
572
571
573
574
573
573
573
574
573
573
573
572
573
572
572
571
572
572
571
571
571
571
571
571
570
570
570
571
570
571
570
571
570
570
571
571
569
569
569
569
569
568
568
569
568
568
568
568
568
567
567
567
566
566
567
567
566
567
566
566
565
566
566
565
565
565
566
565
565
564
565
564
565
564
565
566
567
569
569
569
568
569
571
569
568
568
569
568
568
567
568
567
568
567
569
567
567
567
567
567
567
566
566
566
567
567
566
566
566
565
567
566
566
565
565
566
566
565
565
564
565
564
564
563
564
563
564
563
563
563
562
562
563
563
561
563
562
562
562
561
561
561
